328,365
512,365
721,365
395,365
385,365
721,365
484,365
365,365
365,721
365,385
365,619
395,365
395,365
365,322
368,365
512,365
721,365
512,365
322,365
484,365
631,365
605,365
365,512
365,631
365,721
365,365
365,518
365,328
365,619
365,385
365,643
903,721
302,721
434,721
631,721
721,368
395,721
903,721
721,302
721,434
721,631
434,721
721,395
721,302
721,643
721,368
721,365
721,631
721,903
434,721
365,721
462,721
721,903
721,302
365,721
721,605
721,434
721,903
721,527
721,462
721,302
721,631
434,721
368,721
302,721
721,903
721,631
721,462
903,721
643,721
527,721
721,368
721,395
721,365
434,721
368,721
302,721
721,903
721,631
721,462
368,721
365,721
462,721
631,721
721,527
721,903
605,721
365,721
434,721
721,434
302,643
530,643
302,643
721,643
462,643
302,643
302,643
530,643
302,643
473,643
605,643
643,473
643,365
368,395
322,395
501,395
395,365
395,484
395,512
395,322
395,501
395,368
395,518
395,721
395,530
395,605
721,395
395,501
484,395
368,395
395,365
512,395
322,395
395,365
395,501
530,395
643,395
322,395
721,395
395,501
395,654
395,643
395,462
368,395
322,395
512,395
484,395
512,395
605,395
512,395
395,501
721,368
328,368
385,368
484,368
587,368
368,473
368,385
368,395
368,631
368,530
368,370
395,368
930,368
587,368
385,368
631,368
721,368
368,473
368,434
368,365
434,368
484,368
587,368
473,368
368,484
434,368
368,473
587,368
368,434
530,368
385,368
484,368
721,368
368,587
368,434
368,365
587,368
473,368
368,395
368,721
368,434
484,368
368,530
368,501
368,473
365,368
473,368
587,368
385,368
368,328
613,484
613,484
395,484
930,484
916,484
485,484
299,484
484,484
368,484
299,484
484,462
484,623
484,631
484,916
484,613
484,365
484,395
484,325
484,299
484,576
299,484
613,484
916,484
299,484
623,484
299,484
213,484
299,484
473,484
325,484
613,484
484,365
484,395
484,368
365,484
473,484
299,484
576,484
413,484
623,552
427,552
552,302
552,325
325,552
552,427
592,552
552,485
509,552
552,509
576,552
552,529
529,552
552,574
485,552
552,576
574,552
552,592
302,552
552,623
413,623
427,623
466,623
623,446
427,623
576,623
427,623
623,446
623,385
487,623
484,462
462,501
462,434
462,530
462,643
462,654
462,518
462,721
462,446
462,605
462,903
530,462
446,462
605,462
434,462
395,462
643,462
501,462
501,462
501,462
462,434
721,462
654,462
518,462
721,462
462,501
434,462
721,462
501,462
484,462
462,501
462,434
462,530
462,643
462,654
462,518
462,721
462,446
462,605
462,903
527,434
434,501
434,446
434,530
434,643
434,654
434,518
434,721
434,434
434,605
434,903
576,434
434,484
434,903
434,605
434,530
434,916
434,916
434,434
434,721
434,721
434,501
916,434
434,423
434,631
434,530
434,643
434,654
434,518
434,721
434,434
434,605
434,903
368,434
434,423
434,631
434,530
434,643
434,654
434,518
434,721
434,434
434,605
434,903
613,434
434,423
434,631
434,530
434,643
434,654
434,518
434,721
434,434
434,605
434,903
631,434
434,501
434,446
434,530
434,643
434,654
434,518
434,721
434,434
434,605
434,903
721,434
434,501
434,446
434,530
434,643
434,654
434,518
434,721
434,434
434,605
434,903
721,434
434,501
434,446
434,530
434,643
434,654
434,518
434,721
434,434
434,605
434,903
530,434
434,721
434,462
434,576
434,916
434,916
434,368
434,613
434,368
434,368
434,518
462,501
613,501
527,501
654,501
395,501
605,501
395,501
501,527
395,501
501,613
501,518
501,530
501,434
501,605
501,654
501,423
395,501
368,501
527,501
462,501
395,501
462,501
721,302
903,302
721,302
903,302
302,613
302,643
302,721
302,631
302,605
613,302
586,302
302,721
302,605
302,643
302,631
302,903
613,302
541,302
302,903
302,605
302,721
302,605
302,643
302,631
541,302
302,605
302,643
302,903
576,302
302,541
302,643
302,903
302,721
302,605
541,302
473,302
721,302
541,302
613,302
643,302
541,302
552,302
903,302
527,302
605,302
541,302
302,903
302,643
302,605
446,605
605,434
605,302
605,530
605,462
605,385
605,302
605,302
605,302
605,721
605,721
302,605
302,605
501,605
434,605
395,605
605,590
302,605
599,605
302,605
302,605
302,605
590,605
721,605
643,605
590,605
385,605
721,605
605,590
643,605
599,605
530,605
444,437
437,541
437,916
437,76
444,437
444,437
444,437
444,437
444,437
444,437
299,437
613,437
437,76
299,437
630,613
444,613
318,613
613,437
613,484
302,613
613,630
613,916
613,484
613,501
613,434
613,318
613,642
916,613
630,613
605,613
613,642
916,613
613,916
484,613
613,916
916,613
613,318
630,613
321,613
342,613
613,318
613,434
613,302
444,613
613,318
501,613
613,444
613,434
613,916
613,630
613,484
613,318
385,903
427,903
302,903
365,631
473,631
605,631
605,370
903,587
903,385
322,903
654,903
446,631
293,631
590,631
654,631
368,631
903,370
903,370
903,721
903,587
903,320
903,530
903,385
903,599
903,427
903,302
631,721
631,475
721,903
599,903
42,903
721,631
413,631
631,434
631,473
631,293
631,590
631,368
631,916
631,385
322,903
302,903
475,631
903,379
903,587
903,320
903,385
903,599
903,427
631,302
721,903
365,631
484,631
903,587
903,320
903,385
903,599
903,427
903,302
631,302
322,903
903,370
903,721
903,587
903,599
903,654
903,427
721,631
721,903
587,903
427,903
302,903
721,631
721,903
642,631
903,587
903,322
903,530
903,385
631,434
631,365
631,721
631,475
631,446
631,573
721,903
721,631
475,631
587,903
434,631
413,631
903,721
903,322
903,320
903,385
903,599
903,427
631,503
427,372
427,325
427,413
427,552
427,485
427,903
427,622
427,509
427,622
427,467
318,427
372,427
318,427
427,485
427,622
427,467
385,427
427,622
427,509
427,485
427,903
427,623
427,552
427,413
427,622
427,467
576,427
903,427
325,427
427,372
427,622
427,467
623,427
903,427
427,372
427,622
427,467
903,427
427,622
427,467
385,427
485,427
427,623
427,903
427,325
427,413
427,622
427,467
903,427
427,622
427,467
903,427
427,485
427,622
427,467
903,427
427,485
427,622
427,467
427,485
413,485
485,574
485,622
485,467
427,485
485,574
485,413
485,622
485,467
427,485
413,485
485,574
485,484
485,552
485,622
485,467
325,485
754,485
552,485
413,485
485,574
485,622
485,467
623,485
413,485
485,574
485,622
485,467
576,485
485,622
485,467
413,485
485,427
485,574
485,622
485,467
413,485
485,574
485,622
485,467
427,485
485,622
485,467
427,485
485,622
485,467
427,622
485,622
427,622
485,622
427,622
485,622
427,622
485,622
427,622
485,622
427,622
485,622
427,622
485,622
427,622
485,622
427,622
485,622
427,622
485,622
427,467
485,467
427,467
485,467
427,467
485,467
427,467
485,467
427,467
485,467
427,467
485,467
427,467
485,467
427,467
485,467
427,467
485,467
427,467
485,467
903,509
485,509
623,509
509,413
509,552
509,467
509,485
509,427
623,509
427,509
509,622
509,413
509,622
509,576
509,467
552,509
427,509
372,509
509,372
509,484
509,413
509,622
427,509
903,509
552,509
325,509
509,574
509,325
509,485
509,413
485,509
372,509
509,622
509,574
509,467
509,485
427,509
413,509
509,623
509,413
622,509
509,427
509,325
509,622
325,509
509,622
509,903
509,467
509,427
427,509
485,509
509,413
509,623
485,509
903,509
509,413
485,509
485,509
485,509
485,509
427,509
427,509
427,509
427,509
427,509
622,509
541,292
292,421
292,422
292,433
541,292
372,292
69,292
292,421
292,422
292,433
541,292
372,292
292,421
292,422
292,433
541,292
372,292
292,421
292,422
292,433
541,292
76,292
916,292
292,421
292,422
292,433
541,292
76,292
916,292
342,292
292,421
292,422
292,433
541,292
76,292
342,292
292,421
292,422
292,433
541,292
76,292
342,292
292,421
292,422
292,433
541,292
76,292
342,292
292,421
292,422
292,433
541,292
342,292
292,421
292,422
292,433
292,422
541,422
372,422
69,422
422,421
541,422
372,422
422,421
422,433
541,422
372,422
422,421
422,433
541,422
76,422
916,422
422,421
422,433
541,422
76,422
916,422
342,422
422,421
422,433
541,422
76,422
342,422
422,421
422,433
541,422
76,422
342,422
422,421
422,433
541,422
76,422
342,422
422,421
422,433
541,422
342,422
422,421
422,433
292,521
541,521
372,521
69,521
521,421
541,521
372,521
521,421
521,433
541,521
372,521
521,421
541,521
76,521
916,521
521,421
521,433
541,521
76,521
916,521
342,521
521,421
541,521
76,521
342,521
521,421
521,433
541,521
76,521
342,521
521,421
521,433
541,521
76,521
342,521
521,421
521,433
541,521
342,521
521,421
903,587
368,385
903,385
446,385
587,385
385,328
587,385
587,586
587,328
587,368
587,303
587,473
385,328
328,599
328,368
605,587
903,587
605,385
365,385
434,385
587,385
587,586
587,328
587,368
587,303
587,473
385,530
385,599
385,903
385,587
322,587
434,385
427,385
587,586
587,328
587,903
587,368
587,303
587,473
385,328
903,587
623,385
599,385
587,328
587,586
587,328
587,368
587,303
587,473
385,587
328,599
903,587
586,587
385,328
587,328
587,368
587,303
587,473
328,473
368,587
385,587
385,328
587,586
587,903
587,303
587,473
328,599
903,587
587,586
587,368
587,303
587,473
385,587
605,530
903,530
587,303
587,473
530,586
530,328
530,903
530,368
385,587
473,530
434,391
427,391
623,391
322,391
587,303
587,473
530,303
530,473
599,527
427,527
232,527
391,587
391,328
391,368
368,587
903,587
322,587
527,721
527,501
527,586
527,903
527,368
587,303
587,473
630,372
372,916
372,530
372,625
372,292
372,354
372,394
372,427
372,444
372,321
372,342
444,372
372,916
372,530
372,625
372,292
372,354
372,394
372,427
372,630
372,321
372,342
916,372
630,372
372,318
372,530
372,625
372,292
372,354
372,394
372,427
372,444
372,321
372,328
444,372
372,318
373,530
374,625
375,292
376,354
377,394
378,427
379,916
380,321
381,328
354,372
630,372
444,372
372,318
372,530
372,625
372,292
372,402
372,394
372,427
372,916
372,321
372,328
321,372
372,318
372,530
372,625
372,292
372,354
372,394
372,427
372,916
372,390
372,328
354,372
444,372
630,372
372,318
372,530
372,625
372,292
372,390
372,394
372,427
372,916
372,321
372,328
444,372
372,318
372,530
372,625
372,292
372,354
372,394
372,427
372,916
372,321
372,328
354,372
444,372
372,318
372,530
372,625
372,292
372,390
372,394
372,427
372,916
372,321
372,328
354,372
630,372
372,328
372,530
372,625
372,292
372,390
372,394
372,427
372,916
372,321
372,444
512,354
402,354
586,354
630,354
394,354
916,354
703,354
342,354
642,354
303,354
354,76
354,586
354,541
354,916
354,630
354,394
354,299
354,342
354,372
354,642
76,354
402,354
916,354
630,354
394,354
299,354
342,354
372,354
303,354
586,354
354,342
354,703
354,916
354,630
354,394
354,299
354,402
354,372
354,642
354,586
630,402
76,402
916,402
703,402
394,402
299,402
342,402
372,402
642,402
586,402
402,630
402,512
402,916
402,354
402,394
402,76
402,342
402,372
402,642
402,586
630,444
444,475
444,475
444,541
444,299
444,613
444,586
444,437
444,321
444,916
444,599
475,372
630,444
444,475
444,475
444,647
444,571
444,630
444,916
475,318
475,372
475,299
475,916
613,444
541,444
318,475
444,318
444,321
444,437
444,571
444,372
475,571
475,647
475,299
475,586
630,444
318,444
903,475
631,475
444,475
444,613
444,571
444,299
444,916
444,321
475,630
475,647
475,613
475,541
916,444
444,475
444,475
444,630
444,299
444,541
444,586
475,321
475,318
916,444
444,475
444,318
444,437
444,571
444,647
444,630
444,299
475,630
475,402
475,318
630,444
444,475
444,475
444,647
444,613
444,571
444,372
475,318
541,444
402,475
444,613
444,571
444,372
444,599
444,321
475,484
372,444
916,475
631,475
444,299
444,916
444,318
444,599
444,541
475,318
916,444
444,475
444,437
444,613
444,571
444,372
444,630
475,318
631,916
484,916
576,916
630,930
385,673
613,930
541,359
303,318
916,673
916,930
916,359
916,461
916,318
916,904
916,431
916,571
916,321
916,512
484,916
630,916
444,673
385,930
613,359
541,318
916,673
916,930
916,359
916,461
916,318
916,904
916,431
916,571
916,321
916,512
576,916
385,673
434,930
446,359
916,673
916,930
916,359
916,461
916,318
916,904
916,431
916,571
916,321
916,512
630,916
437,916
444,673
385,930
613,359
541,318
916,673
916,930
916,359
916,461
916,318
916,904
916,431
916,571
916,321
916,512
385,916
372,916
590,916
342,916
389,916
613,916
541,916
916,673
916,930
916,359
916,461
916,318
916,904
916,431
916,571
916,321
916,512
321,916
393,673
303,673
417,673
916,673
916,930
916,359
916,461
916,318
916,904
916,431
916,571
916,321
916,512
434,916
527,916
613,916
541,916
303,916
434,673
303,673
417,673
484,673
916,673
916,930
916,359
916,461
916,318
916,904
916,431
916,571
916,321
916,512
446,916
613,916
541,916
303,916
434,673
303,673
417,673
484,673
916,673
916,930
916,359
916,461
916,318
916,904
916,431
916,571
916,321
916,512
437,916
613,916
541,916
303,916
434,673
303,673
417,673
484,673
916,673
916,930
916,359
916,461
916,318
916,904
916,431
916,571
916,321
916,512
444,916
613,916
541,916
303,916
321,673
434,673
303,673
417,673
916,673
916,930
916,359
916,461
916,318
916,904
916,431
916,571
916,321
916,512
303,642
642,295
475,642
642,295
475,642
613,642
354,642
571,642
571,642
571,642
613,642
613,642
321,295
295,642
295,303
642,295
295,571
295,303
295,321
299,295
295,303
295,321
299,295
295,303
295,642
571,295
295,642
295,303
299,295
295,571
295,642
299,295
295,571
295,321
295,303
299,295
295,571
295,321
295,303
299,295
295,571
295,321
295,303
571,295
295,321
295,299
444,321
321,916
321,613
321,647
321,589
321,372
321,571
321,642
321,925
321,318
321,930
444,321
321,916
321,613
321,647
321,589
321,372
321,571
321,642
321,925
321,318
321,930
444,321
321,571
321,372
444,321
321,571
321,372
444,321
321,571
321,589
444,321
321,571
321,589
444,321
321,571
321,589
916,321
321,571
321,589
916,321
321,571
321,589
444,321
321,571
321,589
321,647
647,303
647,571
444,647
647,303
647,571
444,647
647,303
647,321
444,647
647,303
647,642
444,647
647,642
647,321
444,647
647,571
647,642
444,647
647,571
647,321
647,303
444,647
647,571
647,321
444,647
647,571
647,321
647,303
444,647
647,321
647,571
413,576
576,413
576,446
446,576
576,446
529,576
576,302
434,576
576,446
576,434
427,576
576,427
484,576
576,484
325,576
576,325
623,576
576,216
619,576
576,484
576,529
302,576
576,413
576,302
632,413
413,484
413,631
484,413
413,325
325,413
576,413
413,623
427,413
413,574
427,413
414,623
413,484
385,413
413,576
413,631
413,485
631,413
413,623
485,413
576,413
485,413
325,427
325,485
509,325
325,509
413,325
325,484
325,485
325,413
325,622
446,325
325,623
325,484
325,529
529,623
552,529
623,529
529,325
529,484
576,529
484,529
529,662
529,623
446,529
662,529
529,553
529,576
485,529
414,529
529,285
529,414
500,529
529,500
395,322
599,322
322,478
322,903
322,385
322,654
322,446
322,473
322,434
322,341
322,599
322,320
446,322
599,322
322,654
322,385
322,473
322,434
322,903
322,395
322,341
322,365
322,599
322,320
473,322
599,322
322,587
322,434
322,395
322,320
322,530
322,341
322,365
322,385
322,446
322,599
903,322
599,322
322,587
322,473
322,434
322,320
322,530
322,341
322,365
322,654
322,385
322,446
385,322
473,322
903,322
599,322
322,473
322,434
322,903
322,395
322,341
322,365
322,654
322,446
322,599
322,320
473,322
599,322
322,434
322,903
322,395
322,320
322,530
322,341
322,365
322,654
322,385
322,446
599,322
322,434
322,395
322,341
322,365
322,654
322,385
322,446
322,903
322,320
322,473
599,322
322,434
322,395
322,341
322,365
322,654
322,385
322,446
322,903
322,320
322,473
599,322
322,434
322,395
322,341
322,365
322,654
322,385
322,446
322,903
322,320
322,473
599,322
322,434
322,395
322,341
322,365
322,654
322,385
322,446
322,903
322,320
322,478
654,446
322,446
576,446
446,473
446,322
446,341
446,306
446,592
446,576
446,927
446,623
446,293
446,423
654,446
446,473
446,322
446,341
446,306
446,592
446,576
446,927
446,623
446,293
446,423
654,446
446,592
446,576
446,927
446,623
446,293
446,423
446,473
446,322
446,341
446,306
599,446
322,446
446,927
446,916
446,76
446,306
446,322
446,473
446,322
446,623
446,654
446,631
654,446
446,916
446,654
446,631
446,473
446,423
446,322
446,306
446,927
446,76
446,623
76,446
446,592
446,576
446,927
446,473
446,293
446,423
446,473
446,322
446,341
446,306
654,446
446,592
446,576
446,927
446,473
446,293
446,423
446,473
446,322
446,341
446,306
576,446
446,654
446,631
446,473
446,423
446,322
446,306
446,927
446,76
446,623
446,619
654,446
446,927
446,76
446,623
446,619
446,654
446,631
446,473
446,423
446,322
446,306
599,446
76,446
446,654
446,631
446,473
446,423
446,322
446,306
446,927
446,76
446,623
446,619
444,599
322,599
527,599
473,599
599,446
599,328
599,592
599,293
599,322
599,527
599,473
599,444
599,605
599,385
903,599
322,599
599,76
599,592
599,293
599,322
599,527
599,473
599,444
599,605
599,385
599,903
444,599
599,76
599,605
599,328
599,592
599,293
599,322
599,527
599,473
599,385
599,903
903,599
76,599
599,76
599,328
599,592
599,293
599,322
599,527
599,473
599,605
599,385
599,903
444,599
903,599
328,599
599,76
599,446
599,328
599,592
599,293
599,322
599,527
599,473
599,903
599,605
527,599
903,599
599,76
599,446
599,328
599,592
599,293
599,322
599,527
599,473
599,605
599,385
444,599
903,599
599,605
599,446
599,385
599,328
599,592
599,293
599,322
599,527
599,473
599,605
385,599
599,903
599,293
599,446
599,605
599,328
599,322
599,527
599,473
599,593
599,293
903,599
322,599
393,599
446,599
328,599
599,76
599,527
599,293
599,446
599,605
599,328
599,322
599,473
599,593
599,293
385,599
605,599
328,599
599,76
599,605
599,328
599,322
599,473
599,593
599,446
599,605
599,527
599,385
462,654
322,654
446,654
903,654
365,654
317,654
395,654
530,654
446,654
925,654
654,446
654,518
654,903
654,605
654,501
654,925
654,317
654,302
654,631
654,395
462,317
322,317
446,317
903,317
365,317
317,317
395,317
530,317
446,317
925,317
317,446
317,518
317,903
317,605
317,501
317,925
317,317
317,302
317,631
317,395
462,925
322,925
446,925
903,925
365,925
317,925
395,925
530,925
446,925
925,925
925,446
925,518
925,903
925,605
925,501
925,925
925,317
925,302
925,631
925,395
703,390
390,402
390,630
390,372
402,390
390,703
390,630
390,372
372,390
390,402
390,630
390,703
372,390
390,402
390,630
390,703
703,390
390,402
390,630
390,703
703,390
390,402
390,630
390,703
634,390
390,402
390,630
390,703
634,390
390,402
390,630
390,703
512,390
512,390
630,390
630,703
541,703
703,402
703,354
703,586
703,630
703,394
703,916
703,299
703,342
703,642
703,372
512,703
354,703
703,402
703,586
703,541
703,916
703,630
703,394
703,299
703,342
703,372
703,642
541,703
703,402
703,76
703,916
703,630
703,394
703,299
703,342
703,372
703,642
703,586
402,703
703,354
703,76
703,916
703,630
703,394
703,299
703,342
703,372
703,642
703,586
76,703
703,630
703,76
703,916
703,354
703,394
703,299
703,342
703,372
703,642
703,586
299,703
703,630
703,402
703,916
703,354
703,394
703,76
703,342
703,372
703,642
703,586
642,703
703,541
703,402
703,916
703,354
703,394
703,76
703,342
703,372
703,630
703,586
916,703
703,541
703,402
703,642
703,354
703,394
703,76
703,342
703,372
703,630
703,586
372,703
703,402
703,514
703,642
703,354
703,394
703,76
703,342
703,916
703,630
703,586
76,703
703,342
703,514
703,642
703,354
703,394
703,372
703,402
703,916
703,630
703,586
630,512
541,512
930,512
512,916
512,654
512,521
930,512
512,541
512,916
512,630
512,521
395,512
512,541
512,916
512,630
512,930
916,512
930,512
512,630
512,365
512,521
512,541
365,512
930,512
512,916
512,630
512,541
512,654
541,512
512,395
512,916
512,630
512,395
512,654
512,930
541,512
930,512
512,365
365,512
541,512
930,512
512,395
512,521
930,512
512,654
512,395
512,916
512,630
512,365
76,512
512,654
512,703
512,395
630,512
630,444
630,541
630,613
630,372
630,299
630,916
630,703
630,586
630,303
444,630
512,630
541,630
703,630
299,630
703,630
916,630
630,444
630,299
630,541
630,613
630,703
630,586
444,630
916,630
512,630
916,630
299,630
444,630
630,541
613,630
372,630
512,630
613,630
630,541
512,630
512,630
630,444
299,303
925,303
303,556
299,303
303,556
925,303
303,556
925,303
303,556
303,556
303,556
587,303
303,916
303,556
587,303
303,916
303,556
916,303
299,303
303,457
303,556
673,303
303,452
303,299
303,642
673,303
925,303
303,452
303,556
328,306
654,306
322,306
446,306
306,458
306,297
306,590
306,341
541,306
473,306
306,590
306,385
322,306
306,530
306,320
306,473
590,306
306,458
306,297
306,341
385,306
306,320
306,530
527,306
306,631
306,423
322,306
306,385
306,320
587,306
306,446
306,903
631,306
306,530
306,328
328,306
306,475
306,391
306,322
473,590
475,590
590,368
590,328
475,590
322,590
590,322
590,385
322,590
385,590
590,643
590,446
530,590
903,590
590,320
590,446
478,590
592,590
570,590
590,306
590,320
590,328
570,590
571,590
590,368
590,341
322,590
478,590
590,473
590,306
530,590
916,590
590,385
590,341
446,590
530,590
590,385
590,341
475,590
318,590
590,527
590,473
328,341
475,341
341,527
341,322
475,341
322,341
341,530
341,385
322,341
385,341
341,475
341,587
306,341
320,341
328,341
341,530
341,385
341,631
478,341
306,341
570,341
341,587
341,328
341,631
570,341
571,341
341,322
341,475
473,341
306,341
341,446
341,475
473,341
446,341
475,341
341,587
341,631
341,322
475,341
318,341
341,527
341,473
527,341
306,341
318,341
341,446
341,631
341,475
368,473
328,473
446,473
473,590
446,473
473,385
473,446
631,473
590,473
368,473
473,322
473,385
631,473
368,473
530,473
903,473
322,473
473,643
473,446
590,473
368,473
473,341
473,385
446,473
473,368
473,341
446,473
297,473
473,322
473,385
446,473
530,473
385,473
473,385
473,341
530,473
473,385
473,341
368,473
473,302
473,903
473,599
473,458
473,530